waypoints:
  enter_ramp:
    x_m: -13.404455959073273
    y_m: -5.502090313495454
    yaw_rad: 0.3030309119975514
  in_ramp:
    x_m: -0.1173546191009391
    y_m: -0.0797512922156218
    yaw_rad: 1.2100416591389997
  in_ramp_pivot:
    x_m: 2.003132255193717
    y_m: 0.3043386883487733
    yaw_rad: 3.042184473548565
  out_ramp:
    x_m: -14.890172532442824
    y_m: -7.052807368153502
    yaw_rad: -1.8527265126167183
